read	side	base	A	C	G	T	N
1	0	1	370849	10807	49590	564698	4056
1	0	2	328663	6796	157505	507036	0
1	0	3	315447	7020	189535	487998	0
1	0	4	302448	9890	208298	478295	1069
1	0	5	311129	6587	206808	475476	0
1	0	6	302569	6998	209403	480915	115
1	0	7	306416	14194	197277	482113	0
1	0	8	310402	7364	194093	487614	527
1	0	9	302670	16190	193572	487032	536
1	0	10	314320	7854	191176	486401	249
1	0	11	306338	15899	194550	482667	546
1	0	12	305683	10087	199237	484520	473
1	0	13	307667	9230	191794	490851	458
1	0	14	305437	17747	193586	483024	206
1	0	15	306068	8389	193574	491299	670
1	0	16	305212	10362	201101	483068	257
1	0	17	310657	8286	196132	484626	299
1	0	18	309993	8875	195466	485457	209
1	0	19	303601	17556	194065	484778	0
1	0	20	302884	8388	194282	494407	39
1	1	1	295808	40531	196275	467380	6
1	1	2	302092	38567	198777	460564	0
1	1	3	301916	37680	198769	461635	0
1	1	4	301958	36857	197607	463578	0
1	1	5	302930	35571	198643	462852	4
1	1	6	302010	35140	199863	462987	0
1	1	7	301445	34366	199469	464720	0
1	1	8	300799	33590	198403	467203	5
1	1	9	300384	32896	198588	468132	0
1	1	10	301150	31752	198926	468172	0
1	1	11	301578	31226	199321	467875	0
1	1	12	302590	30395	198689	468326	0
1	1	13	300384	29879	199529	470208	0
1	1	14	301374	29100	198512	471014	0
1	1	15	302491	28053	197473	471983	0
1	1	16	302441	28117	198179	471263	0
1	1	17	301802	26767	199163	472268	0
1	1	18	301370	26401	198981	473248	0
1	1	19	302609	26079	198535	472777	0
1	1	20	302353	24733	197885	475029	0
2	0	1	393193	235900	13321	357525	61
2	0	2	476729	190105	12198	320968	0
2	0	3	490668	194485	10847	304000	0
2	0	4	482728	214046	10123	293103	0
2	0	5	485609	202796	12217	299378	0
2	0	6	489010	205494	13565	291931	0
2	0	7	487266	201960	12004	298770	0
2	0	8	485250	200997	10766	302987	0
2	0	9	482414	200243	13717	303626	0
2	0	10	485602	200152	11206	303040	0
2	0	11	485830	198767	12099	303304	0
2	0	12	483559	201885	10503	304053	0
2	0	13	484334	196332	13383	305951	0
2	0	14	483477	198919	11813	305791	0
2	0	15	485694	199490	11220	303596	0
2	0	16	484320	197252	13780	304648	0
2	0	17	483768	197568	11518	307146	0
2	0	18	482921	198928	12914	305237	0
2	0	19	481627	200562	10984	306827	0
2	0	20	484566	200592	10392	304450	0
2	1	1	469642	189281	57069	283061	947
2	1	2	471425	189851	52799	284928	997
2	1	3	471743	189619	51809	285912	917
2	1	4	471231	190412	50432	286929	996
2	1	5	473722	190505	49341	285580	852
2	1	6	473948	190402	48499	286194	957
2	1	7	473534	191482	47316	286809	859
2	1	8	472823	192767	45803	287847	760
2	1	9	473906	192541	44641	288221	691
2	1	10	475456	191669	44101	288121	653
2	1	11	476698	191013	43231	288475	583
2	1	12	475637	193018	41625	289144	576
2	1	13	475448	192934	41058	290021	539
2	1	14	476213	193760	40310	289190	527
2	1	15	478090	192899	38932	289551	528
2	1	16	477216	193987	38074	290196	527
2	1	17	476955	194320	37368	290856	501
2	1	18	477284	193432	36288	292483	513
2	1	19	477655	194257	35359	292279	450
2	1	20	478551	193491	34415	293072	471
